145 2049 1293 147 3990 9248 10785 4280 4283 12861 4289 4290 4291 4292 9163 4301 4302 4303 4304 4305 4307 4308 4309 4310 4311 4312 4313 4314 4315 11361 1389 7796 7797 632
147 2049 1293 145 3990 9248 10785 4280 4283 12861 4289 4290 4291 4292 9163 4301 4302 4303 4304 4305 4307 4308 4309 4310 4311 4312 4313 4314 4315 11361 1389 7796 7797 632
632 2049 1293 145 147 3990 9248 10785 4280 4283 12861 4289 4290 4291 4292 9163 4301 4302 4303 4304 4305 4307 4308 4309 4310 4311 4312 4313 4314 4315 11361 1389 7796 7797
1293 2049 145 147 3990 9248 10785 4280 4283 12861 4289 4290 4291 4292 9163 4301 4302 4303 4304 4305 4307 4308 4309 4310 4311 4312 4313 4314 4315 11361 1389 7796 7797 632
1389 2049 1293 145 147 3990 9248 10785 4280 4283 12861 4289 4290 4291 4292 9163 4301 4302 4303 4304 4305 4307 4308 4309 4310 4311 4312 4313 4314 4315 11361 7796 7797 632
2049 1293 145 147 3990 9248 10785 4280 4283 12861 4289 4290 4291 4292 9163 4301 4302 4303 4304 4305 4307 4308 4309 4310 4311 4312 4313 4314 4315 11361 1389 7796 7797 632
3990 2049 1293 145 147 9248 10785 4280 4283 12861 4289 4290 4291 4292 9163 4301 4302 4303 4304 4305 4307 4308 4309 4310 4311 4312 4313 4314 4315 11361 1389 7796 7797 632
4280 2049 1293 145 147 3990 9248 10785 4283 12861 4289 4290 4291 4292 9163 4301 4302 4303 4304 4305 4307 4308 4309 4310 4311 4312 4313 4314 4315 11361 1389 7796 7797 632
4283 2049 1293 145 147 3990 9248 10785 4280 12861 4289 4290 4291 4292 9163 4301 4302 4303 4304 4305 4307 4308 4309 4310 4311 4312 4313 4314 4315 11361 1389 7796 7797 632
4289 2049 1293 145 147 3990 9248 10785 4280 4283 12861 4290 4291 4292 9163 4301 4302 4303 4304 4305 4307 4308 4309 4310 4311 4312 4313 4314 4315 11361 1389 7796 7797 632
4290 2049 1293 145 147 3990 9248 10785 4280 4283 12861 4289 4291 4292 9163 4301 4302 4303 4304 4305 4307 4308 4309 4310 4311 4312 4313 4314 4315 11361 1389 7796 7797 632
4291 2049 1293 145 147 3990 9248 10785 4280 4283 12861 4289 4290 4292 9163 4301 4302 4303 4304 4305 4307 4308 4309 4310 4311 4312 4313 4314 4315 11361 1389 7796 7797 632
4292 2049 1293 145 147 3990 9248 10785 4280 4283 12861 4289 4290 4291 9163 4301 4302 4303 4304 4305 4307 4308 4309 4310 4311 4312 4313 4314 4315 11361 1389 7796 7797 632
4301 2049 1293 145 147 3990 9248 10785 4280 4283 12861 4289 4290 4291 4292 9163 4302 4303 4304 4305 4307 4308 4309 4310 4311 4312 4313 4314 4315 11361 1389 7796 7797 632
4302 2049 1293 145 147 3990 9248 10785 4280 4283 12861 4289 4290 4291 4292 9163 4301 4303 4304 4305 4307 4308 4309 4310 4311 4312 4313 4314 4315 11361 1389 7796 7797 632
4303 2049 1293 145 147 3990 9248 10785 4280 4283 12861 4289 4290 4291 4292 9163 4301 4302 4304 4305 4307 4308 4309 4310 4311 4312 4313 4314 4315 11361 1389 7796 7797 632
4304 2049 1293 145 147 3990 9248 10785 4280 4283 12861 4289 4290 4291 4292 9163 4301 4302 4303 4305 4307 4308 4309 4310 4311 4312 4313 4314 4315 11361 1389 7796 7797 632
4305 2049 1293 145 147 3990 9248 10785 4280 4283 12861 4289 4290 4291 4292 9163 4301 4302 4303 4304 4307 4308 4309 4310 4311 4312 4313 4314 4315 11361 1389 7796 7797 632
4307 2049 1293 145 147 3990 9248 10785 4280 4283 12861 4289 4290 4291 4292 9163 4301 4302 4303 4304 4305 4308 4309 4310 4311 4312 4313 4314 4315 11361 1389 7796 7797 632
4308 2049 1293 145 147 3990 9248 10785 4280 4283 12861 4289 4290 4291 4292 9163 4301 4302 4303 4304 4305 4307 4309 4310 4311 4312 4313 4314 4315 11361 1389 7796 7797 632
4309 2049 1293 145 147 3990 9248 10785 4280 4283 12861 4289 4290 4291 4292 9163 4301 4302 4303 4304 4305 4307 4308 4310 4311 4312 4313 4314 4315 11361 1389 7796 7797 632
4310 2049 1293 145 147 3990 9248 10785 4280 4283 12861 4289 4290 4291 4292 9163 4301 4302 4303 4304 4305 4307 4308 4309 4311 4312 4313 4314 4315 11361 1389 7796 7797 632
4311 2049 1293 145 147 3990 9248 10785 4280 4283 12861 4289 4290 4291 4292 9163 4301 4302 4303 4304 4305 4307 4308 4309 4310 4312 4313 4314 4315 11361 1389 7796 7797 632
4312 2049 1293 145 147 3990 9248 10785 4280 4283 12861 4289 4290 4291 4292 9163 4301 4302 4303 4304 4305 4307 4308 4309 4310 4311 4313 4314 4315 11361 1389 7796 7797 632
4313 2049 1293 145 147 3990 9248 10785 4280 4283 12861 4289 4290 4291 4292 9163 4301 4302 4303 4304 4305 4307 4308 4309 4310 4311 4312 4314 4315 11361 1389 7796 7797 632
4314 2049 1293 145 147 3990 9248 10785 4280 4283 12861 4289 4290 4291 4292 9163 4301 4302 4303 4304 4305 4307 4308 4309 4310 4311 4312 4313 4315 11361 1389 7796 7797 632
4315 2049 1293 145 147 3990 9248 10785 4280 4283 12861 4289 4290 4291 4292 9163 4301 4302 4303 4304 4305 4307 4308 4309 4310 4311 4312 4313 4314 11361 1389 7796 7797 632
7796 2049 1293 145 147 3990 9248 10785 4280 4283 12861 4289 4290 4291 4292 9163 4301 4302 4303 4304 4305 4307 4308 4309 4310 4311 4312 4313 4314 4315 11361 1389 7797 632
7797 2049 1293 145 147 3990 9248 10785 4280 4283 12861 4289 4290 4291 4292 9163 4301 4302 4303 4304 4305 4307 4308 4309 4310 4311 4312 4313 4314 4315 11361 1389 7796 632
9163 2049 1293 145 147 3990 9248 10785 4280 4283 12861 4289 4290 4291 4292 4301 4302 4303 4304 4305 4307 4308 4309 4310 4311 4312 4313 4314 4315 11361 1389 7796 7797 632
9248 2049 1293 145 147 3990 10785 4280 4283 12861 4289 4290 4291 4292 9163 4301 4302 4303 4304 4305 4307 4308 4309 4310 4311 4312 4313 4314 4315 11361 1389 7796 7797 632
10785 2049 1293 145 147 3990 9248 4280 4283 12861 4289 4290 4291 4292 9163 4301 4302 4303 4304 4305 4307 4308 4309 4310 4311 4312 4313 4314 4315 11361 1389 7796 7797 632
11361 2049 1293 145 147 3990 9248 10785 4280 4283 12861 4289 4290 4291 4292 9163 4301 4302 4303 4304 4305 4307 4308 4309 4310 4311 4312 4313 4314 4315 1389 7796 7797 632
12861 2049 1293 145 147 3990 9248 10785 4280 4283 4289 4290 4291 4292 9163 4301 4302 4303 4304 4305 4307 4308 4309 4310 4311 4312 4313 4314 4315 11361 1389 7796 7797 632
