1943 2051 2083 6788 4427 13520 1945 2076 2079
1945 2051 2083 6788 4427 13520 1943 2076 2079
2051 2083 6788 4427 13520 4433 1943 1945 2076 2079
2076 2051 2083 6788 4427 13520 1943 1945 2079
2079 2051 2083 6788 4427 13520 1943 1945 2076
2083 2051 6788 4427 13520 1943 1945 2076 2079
2936 8130 5604 7339 2996 2997
2996 8130 5604 7339 2997 2936
2997 8130 5604 7339 2996 2936
3498 21944
3751 8858
4427 2051 2083 6788 13520 4433 1943 1945 2076 2079
4433 4427 2051
5604 8130 7339 2996 2997 2936
6401 21945 12082 18540
6788 2051 2083 4427 13520 1943 1945 2076 2079
7339 8130 5604 2996 2997 2936
8130 5604 7339 2996 2997 2936
8858 3751
12082 21945 18540 6401
13520 2051 2083 6788 4427 1943 1945 2076 2079
18540 21945 12082 6401
21944 3498
21945 6401 12082 18540
