89 3840 3457 3841 3079 3854 1940 1944 152 1945 1946 1691 8094 7583 1442 1963 5422 175 1200 5299 6964 8123 8124 8125 8126 8127 1344 4032 8128 8129 8130 8131 8132 8133 8134 8135 8136 6655 8137 2774 2775 2776 3416 3162 3163 3164 3165 4443 5596 3816 6635 7915 3824 241 3825 3827 3828 3839 3831 2041 126 127
126 3840 3457 3841 3079 3854 1940 1944 152 1945 1946 1691 8094 7583 1442 1963 5422 175 1200 5299 6964 8123 8124 8125 8126 8127 1344 4032 8128 8129 8130 8131 8132 8133 8134 8135 8136 6655 8137 2774 2775 2776 3416 3162 3163 3164 3165 4443 5596 89 3816 6635 7915 3824 241 3825 3827 3828 3839 3831 2041 127
127 3840 3457 3841 3079 3854 1940 1944 152 1945 1946 1691 8094 7583 1442 1963 5422 175 1200 5299 6964 8123 8124 8125 8126 8127 1344 4032 8128 8129 8130 8131 8132 8133 8134 8135 8136 6655 8137 2774 2775 2776 3416 3162 3163 3164 3165 4443 5596 89 3816 6635 7915 3824 241 3825 3827 3828 3831 2041 126 3839
150 1344 1342 1343
152 3840 3457 3841 3079 3854 1940 1944 1945 1946 1691 8094 7583 1442 1963 5422 175 1200 5299 6964 8123 8124 8125 8126 8127 1344 4032 8128 8129 8130 8131 8132 8133 8134 8135 8136 6655 8137 2774 2775 2776 3416 3162 3163 3164 3165 4443 5596 89 3816 6635 7915 3824 241 3825 3827 3828 3839 3831 2041 126 127
175 3840 3457 3841 3079 3854 1940 1944 152 1945 1946 1691 8094 7583 1442 1963 5422 1200 5299 6964 8123 8124 8125 8126 8127 1344 4032 8128 8129 8130 8131 8132 8133 8134 8135 8136 6655 8137 2774 2775 2776 3416 3162 3163 3164 3165 4443 5596 89 3816 6635 7915 3824 241 3825 3827 3828 3839 3831 2041 126 127
241 3840 3457 3841 3079 3854 1940 1944 152 1945 1946 1691 8094 7583 1442 1963 5422 175 1200 5299 6964 8123 8124 8125 8126 8127 1344 4032 8128 8129 8130 8131 8132 8133 8134 8135 8136 6655 8137 2774 2775 2776 3416 3162 3163 3164 3165 4443 5596 89 3816 6635 7915 3824 3825 3827 3828 3839 3831 2041 126 127
1200 3840 3457 3841 3079 3854 1940 1944 1945 1946 1691 152 8094 7583 1442 1963 5422 175 5299 6964 8123 8124 8125 8126 8127 1344 4032 8128 8129 8130 8131 8132 8133 8134 8135 8136 6655 8137 2774 2775 3416 2776 3162 3163 3164 3165 4443 5596 89 3816 6635 7915 3824 3825 241 3827 3828 3831 2041 127 126 3839
1342 1344 150 1343
1343 1344 150 1342
1344 3840 3457 3841 3079 3854 1940 150 1944 1945 1946 1691 152 8094 7583 1442 1963 5422 175 1200 5299 6964 8123 8124 8125 1342 1343 4032 8126 8127 8128 8129 8130 8131 8132 8133 8134 8135 6655 8136 8137 2774 2775 2776 3416 3162 3163 3164 3165 4443 5596 89 3816 6635 7915 3824 3825 241 3827 3828 3839 3831 2041 126 127
1442 3840 3457 3841 3079 3854 1940 1944 1945 1946 1691 152 8094 7583 1963 5422 175 1200 5299 6964 8123 8124 8125 8126 8127 1344 4032 8128 8129 8130 8131 8132 8133 8134 8135 8136 6655 8137 2774 2775 2776 3416 3162 3163 3164 3165 4443 5596 89 3816 6635 7915 3824 3825 241 3827 3828 3839 3831 2041 126 127
1691 3840 3457 3841 3079 3854 1940 1944 152 1945 1946 8094 7583 1442 1963 5422 175 1200 5299 6964 8123 8124 8125 8126 8127 1344 4032 8128 8129 8130 8131 8132 8133 8134 8135 8136 6655 8137 2774 2775 2776 3416 3162 3163 3164 3165 4443 5596 89 3816 6635 7915 3824 3825 241 3827 3828 3839 3831 2041 126 127
1940 3840 3457 3841 3079 3854 1944 152 1945 1946 1691 8094 7583 1442 1963 5422 175 1200 5299 6964 8123 8124 8125 8126 8127 1344 4032 8128 8129 8130 8131 8132 8133 8134 8135 8136 6655 8137 2774 2775 2776 3416 3162 3163 3164 3165 4443 5596 89 3816 6635 7915 3824 3825 241 3827 3828 3839 3831 2041 126 127
1944 3840 3457 3841 3079 3854 1940 152 1945 1946 1691 8094 7583 1442 1963 5422 175 1200 5299 6964 8123 8124 8125 8126 8127 1344 4032 8128 8129 8130 8131 8132 8133 8134 8135 8136 6655 8137 2774 2775 2776 3416 3162 3163 3164 3165 4443 5596 89 3816 6635 7915 3824 3825 241 3827 3828 3839 3831 2041 126 127
1945 3840 3457 3841 3079 3854 1940 1944 152 1946 1691 8094 7583 1442 1963 5422 175 1200 5299 6964 8123 8124 8125 8126 8127 1344 4032 8128 8129 8130 8131 8132 8133 8134 8135 8136 6655 8137 2774 2775 2776 3416 3162 3163 3164 3165 4443 5596 89 3816 6635 7915 3824 3825 241 3827 3828 3839 3831 2041 126 127
1946 3840 3457 3841 3079 3854 1940 1944 152 1945 1691 8094 7583 1442 1963 5422 175 1200 5299 6964 8123 8124 8125 8126 8127 1344 4032 8128 8129 8130 8131 8132 8133 8134 8135 8136 6655 8137 2774 2775 2776 3416 3162 3163 3164 3165 4443 5596 89 3816 6635 7915 3824 3825 241 3827 3828 3839 3831 2041 126 127
1963 3840 3457 3841 3079 3854 1940 1944 152 1945 1946 1691 8094 7583 1442 5422 175 1200 5299 6964 8123 8124 8125 8126 8127 1344 4032 8128 8129 8130 8131 8132 8133 8134 8135 8136 6655 8137 2774 2775 2776 3416 3162 3163 3164 3165 4443 5596 89 3816 6635 7915 3824 3825 241 3827 3828 3839 3831 2041 126 127
2041 3840 3457 3841 3079 3854 1940 1944 152 1945 1946 1691 8094 7583 1442 1963 5422 175 1200 5299 6964 8123 8124 8125 8126 8127 1344 4032 8128 8129 8130 8131 8132 8133 8134 8135 8136 6655 8137 2774 2775 2776 3416 3162 3163 3164 3165 4443 5596 89 3816 6635 7915 3824 3825 241 3827 3828 3839 3831 126 127
2774 3840 3457 3841 3079 3854 1940 1944 152 1945 1946 1691 8094 7583 1442 1963 5422 175 1200 5299 6964 8123 8124 8125 8126 8127 1344 4032 8128 8129 8130 8131 8132 8133 8134 8135 8136 6655 8137 2775 2776 3416 3162 3163 3164 3165 4443 5596 89 3816 6635 7915 3824 241 3825 3827 3828 3839 3831 2041 126 127
2775 3840 3457 3841 3079 3854 1940 1944 152 1945 1946 1691 8094 7583 1442 1963 5422 175 1200 5299 6964 8123 8124 8125 8126 8127 1344 4032 8128 8129 8130 8131 8132 8133 8134 8135 8136 6655 8137 2774 2776 3416 3162 3163 3164 3165 4443 5596 89 3816 6635 7915 3824 241 3825 3827 3828 3839 3831 2041 126 127
2776 3840 3457 3841 3079 3854 1940 1944 152 1945 1946 1691 8094 7583 1442 1963 5422 175 1200 5299 6964 8123 8124 8125 8126 8127 1344 4032 8128 8129 8130 8131 8132 8133 8134 8135 8136 6655 8137 2774 2775 3416 89 3162 3163 3164 3165 4443 5596 3816 6635 7915 3824 241 3825 3827 3828 3839 3831 2041 126 127
3079 3840 3457 3841 3854 1940 1944 152 1945 1946 1691 8094 7583 1442 1963 5422 175 1200 5299 6964 8123 8124 8125 8126 8127 1344 4032 8128 8129 8130 8131 8132 8133 8134 8135 8136 6655 8137 2774 2775 2776 3416 3162 3163 3164 3165 4443 5596 89 3816 6635 7915 3824 241 3825 3827 3828 3839 3831 2041 126 127
3162 3840 3457 3841 3079 3854 1940 1944 152 1945 1946 1691 8094 7583 1442 1963 5422 175 1200 5299 6964 8123 8124 8125 8126 8127 1344 4032 8128 8129 8130 8131 8132 8133 8134 8135 8136 6655 8137 2774 2775 2776 3416 89 3163 3164 3165 4443 5596 3816 6635 7915 3824 241 3825 3827 3828 3839 3831 2041 126 127
3163 3840 3457 3841 3079 3854 1940 1944 152 1945 1946 1691 8094 7583 1442 1963 5422 175 1200 5299 6964 8123 8124 8125 8126 8127 1344 4032 8128 8129 8130 8131 8132 8133 8134 8135 8136 6655 8137 2774 2775 2776 3416 3162 4443 3164 3165 5596 89 3816 6635 7915 3824 241 3825 3827 3828 3839 3831 2041 126 127
3164 3840 3457 3841 3079 3854 1940 1944 152 1945 1946 1691 8094 7583 1442 1963 5422 175 1200 5299 6964 8123 8124 8125 8126 8127 1344 4032 8128 8129 8130 8131 8132 8133 8134 8135 8136 6655 8137 2774 2775 2776 3416 3162 3163 4443 3165 5596 89 3816 6635 7915 3824 241 3825 3827 3828 3839 3831 2041 126 127
3165 3840 3457 3841 3079 3854 1940 1944 152 1945 1946 1691 8094 7583 1442 1963 5422 175 1200 5299 6964 8123 8124 8125 8126 8127 1344 4032 8128 8129 8130 8131 8132 8133 8134 8135 8136 6655 8137 2774 2775 2776 3416 3162 3163 3164 4443 5596 89 3816 6635 7915 3824 241 3825 3827 3828 3839 3831 2041 126 127
3416 3840 3457 3841 3079 3854 1940 1944 152 1945 1946 1691 8094 7583 1442 1963 5422 175 1200 5299 6964 8123 8124 8125 8126 8127 1344 4032 8128 8129 8130 8131 8132 8133 8134 8135 8136 6655 8137 2774 2775 2776 89 3162 3163 3164 3165 4443 5596 3816 6635 7915 3824 241 3825 3827 3828 3839 3831 2041 126 127
3457 3840 3841 3079 3854 1940 1944 152 1945 1946 1691 8094 7583 1442 1963 5422 175 1200 5299 6964 8123 8124 8125 8126 8127 1344 4032 8128 8129 8130 8131 8132 8133 8134 8135 8136 6655 8137 2774 2775 2776 3416 3162 3163 3164 3165 4443 5596 89 3816 6635 7915 3824 241 3825 3827 3828 3839 3831 2041 126 127
3816 3840 3457 3841 3079 3854 1940 1944 152 1945 1946 1691 8094 7583 1442 1963 5422 175 1200 5299 6964 8123 8124 8125 8126 8127 1344 4032 8128 8129 8130 8131 8132 8133 8134 8135 8136 6655 8137 2774 2775 2776 3416 3162 3163 3164 3165 4443 5596 89 6635 7915 3824 241 3825 3827 3828 3839 3831 2041 126 127
3824 3840 3457 3841 3079 3854 1940 1944 152 1945 1946 1691 8094 7583 1442 1963 5422 175 1200 5299 6964 8123 8124 8125 8126 8127 1344 4032 8128 8129 8130 8131 8132 8133 8134 8135 8136 6655 8137 2774 2775 2776 3416 3162 3163 3164 3165 4443 5596 89 3816 6635 7915 241 3825 3827 3828 3839 3831 2041 126 127
3825 3840 3457 3841 3079 3854 1940 1944 152 1945 1946 1691 8094 7583 1442 1963 5422 175 1200 5299 6964 8123 8124 8125 8126 8127 1344 4032 8128 8129 8130 8131 8132 8133 8134 8135 8136 6655 8137 2774 2775 2776 3416 3162 3163 3164 3165 4443 5596 89 3816 6635 7915 3824 241 3827 3828 3839 3831 2041 126 127
3827 3840 3457 3841 3079 3854 1940 1944 152 1945 1946 1691 8094 7583 1442 1963 5422 175 1200 5299 6964 8123 8124 8125 8126 8127 1344 4032 8128 8129 8130 8131 8132 8133 8134 8135 8136 6655 8137 2774 2775 2776 3416 3162 3163 3164 3165 4443 5596 89 3816 6635 7915 3824 241 3825 3839 3828 3831 2041 126 127
3828 3840 3457 3841 3079 3854 1940 1944 152 1945 1946 1691 8094 7583 1442 1963 5422 175 1200 5299 6964 8123 8124 8125 8126 8127 1344 4032 8128 8129 8130 8131 8132 8133 8134 8135 8136 6655 8137 2774 2775 2776 3416 3162 3163 3164 3165 4443 5596 89 3816 6635 7915 3824 241 3825 3827 3839 3831 2041 126 127
3831 3840 3457 3841 3079 3854 1940 1944 152 1945 1946 1691 8094 7583 1442 1963 5422 175 1200 5299 6964 8123 8124 8125 8126 8127 1344 4032 8128 8129 8130 8131 8132 8133 8134 8135 8136 6655 8137 2774 2775 2776 3416 3162 3163 3164 3165 4443 5596 89 3816 6635 7915 3824 241 3825 3827 3828 3839 2041 126 127
3839 3840 3457 3841 3079 3854 1940 1944 152 1945 1946 1691 8094 7583 1442 1963 5422 175 1200 5299 6964 8123 8124 8125 8126 8127 1344 4032 8128 8129 8130 8131 8132 8133 8134 8135 8136 6655 8137 2774 2775 2776 3416 3162 3163 3164 3165 4443 5596 89 3816 6635 7915 3824 241 3825 3827 3828 3831 2041 126 127
3840 3457 3841 3079 3854 1940 1944 152 1945 1946 1691 8094 7583 1442 1963 5422 175 1200 5299 6964 8123 8124 8125 8126 8127 1344 4032 8128 8129 8130 8131 8132 8133 8134 8135 8136 6655 8137 2774 2775 2776 3416 3162 3163 3164 3165 4443 5596 89 3816 6635 7915 3824 241 3825 3827 3828 3839 3831 2041 126 127
3841 3840 3457 3079 3854 1940 1944 152 1945 1946 1691 8094 7583 1442 1963 5422 175 1200 5299 6964 8123 8124 8125 8126 8127 1344 4032 8128 8129 8130 8131 8132 8133 8134 8135 8136 6655 8137 2774 2775 2776 3416 3162 3163 3164 3165 4443 5596 89 3816 6635 7915 3824 241 3825 3827 3828 3839 3831 2041 126 127
3854 3840 3457 3841 3079 1940 1944 152 1945 1946 1691 8094 7583 1442 1963 5422 175 1200 5299 6964 8123 8124 8125 8126 8127 1344 4032 8128 8129 8130 8131 8132 8133 8134 8135 8136 6655 8137 2774 2775 2776 3416 3162 3163 3164 3165 4443 5596 89 3816 6635 7915 3824 241 3825 3827 3828 3839 3831 2041 126 127
4032 3840 3457 3841 3079 3854 1940 1944 152 1945 1946 1691 8094 7583 1442 1963 5422 175 1200 5299 6964 8123 8124 8125 8126 8127 1344 8128 8129 8130 8131 8132 8133 8134 8135 8136 8137 6655 2774 2775 2776 3416 3162 3163 3164 3165 4443 5596 89 3816 6635 7915 3824 241 3825 3827 3828 3839 3831 2041 126 127
4443 3840 3457 3841 3079 3854 1940 1944 152 1945 1946 1691 8094 7583 1442 1963 5422 175 1200 5299 6964 8123 8124 8125 8126 8127 1344 4032 8128 8129 8130 8131 8132 8133 8134 8135 8136 6655 8137 2774 2775 2776 3416 3162 3163 3164 3165 5596 89 3816 6635 7915 3824 241 3825 3827 3828 3839 3831 2041 126 127
5299 3840 3457 3841 3079 3854 1940 1944 152 1945 1946 1691 8094 7583 1442 1963 5422 175 1200 6964 8123 8124 8125 8126 8127 1344 4032 8128 8129 8130 8131 8132 8133 8134 8135 8136 6655 8137 2774 2775 2776 3416 3162 3163 3164 3165 4443 5596 89 3816 6635 7915 3824 241 3825 3827 3828 3839 3831 2041 126 127
5422 3840 3457 3841 3079 3854 1940 1944 152 1945 1946 1691 8094 7583 1442 1963 175 1200 5299 6964 8123 8124 8125 8126 8127 1344 4032 8128 8129 8130 8131 8132 8133 8134 8135 8136 6655 8137 2774 2775 2776 3416 3162 3163 3164 3165 4443 5596 89 3816 6635 7915 3824 241 3825 3827 3828 3839 3831 2041 126 127
5596 3840 3457 3841 3079 3854 1940 1944 152 1945 1946 1691 8094 7583 1442 1963 5422 175 1200 5299 6964 8123 8124 8125 8126 8127 1344 4032 8128 8129 8130 8131 8132 8133 8134 8135 8136 6655 8137 2774 2775 2776 3416 3162 3163 3164 3165 4443 89 3816 6635 7915 3824 241 3825 3827 3828 3839 3831 2041 126 127
6635 3840 3457 3841 3079 3854 1940 1944 152 1945 1946 1691 8094 7583 1442 1963 5422 175 1200 5299 6964 8123 8124 8125 8126 8127 1344 4032 8128 8129 8130 8131 8132 8133 8134 8135 8136 6655 8137 2774 2775 2776 3416 3162 3163 3164 3165 4443 5596 89 3816 7915 3824 241 3825 3827 3828 3839 3831 2041 126 127
6655 3840 3457 3841 3079 3854 1940 1944 152 1945 1946 1691 8094 7583 1442 1963 5422 175 1200 5299 6964 8123 8124 8125 8126 8127 1344 4032 8128 8129 8130 8131 8132 8133 8134 8135 8136 8137 2774 2775 2776 3416 3162 3163 3164 3165 4443 5596 89 3816 6635 7915 3824 241 3825 3827 3828 3839 3831 2041 126 127
6781 6784 9516
6784 9516 6781
6964 3840 3457 3841 3079 3854 1940 1944 152 1945 1946 1691 8094 7583 1442 1963 5422 175 1200 5299 8123 8124 8125 8126 8127 1344 4032 8128 8129 8130 8131 8132 8133 8134 8135 8136 6655 8137 2774 2775 2776 3416 3162 3163 3164 3165 4443 5596 89 3816 6635 7915 3824 241 3825 3827 3828 3839 3831 2041 126 127
7217 7221 7226 7229 7230 7231
7221 7217 7226 7229 7230 7231
7226 7217 7221 7229 7230 7231
7229 7217 7221 7226 7230 7231
7230 7217 7221 7226 7229 7231
7231 7217 7221 7226 7229 7230
7583 3840 3457 3841 3079 3854 1940 1944 152 1945 1946 1691 8094 1442 1963 5422 175 1200 5299 6964 8123 8124 8125 8126 8127 1344 4032 8128 8129 8130 8131 8132 8133 8134 8135 8136 6655 8137 2774 2775 2776 3416 3162 3163 3164 3165 4443 5596 89 3816 6635 7915 3824 241 3825 3827 3828 3839 3831 2041 126 127
7915 3840 3457 3841 3079 3854 1940 1944 152 1945 1946 1691 8094 7583 1442 1963 5422 175 1200 5299 6964 8123 8124 8125 8126 8127 1344 4032 8128 8129 8130 8131 8132 8133 8134 8135 8136 6655 8137 2774 2775 2776 3416 3162 3163 3164 3165 4443 5596 89 3816 6635 3824 241 3825 3827 3828 3839 3831 2041 126 127
8055 8056 10906 21943
8056 21943 10906 8055
8094 3840 3457 3841 3079 3854 1940 1944 152 1945 1946 1691 7583 1442 1963 5422 175 1200 5299 6964 8123 8124 8125 8126 8127 1344 4032 8128 8129 8130 8131 8132 8133 8134 8135 8136 6655 8137 2774 2775 2776 3416 3162 3163 3164 3165 4443 5596 89 3816 6635 7915 3824 241 3825 3827 3828 3839 3831 2041 126 127
8123 3840 3457 3841 3079 3854 1940 1944 152 1945 1946 1691 8094 7583 1442 1963 5422 175 1200 5299 6964 8124 8125 8126 8127 1344 4032 8128 8129 8130 8131 8132 8133 8134 8135 8136 6655 8137 2774 2775 2776 3416 3162 3163 3164 3165 4443 5596 89 3816 6635 7915 3824 241 3825 3827 3828 3839 3831 2041 126 127
8124 3840 3457 3841 3079 3854 1940 1944 152 1945 1946 1691 8094 7583 1442 1963 5422 175 1200 5299 6964 8123 8125 8126 8127 1344 4032 8128 8129 8130 8131 8132 8133 8134 8135 8136 6655 8137 2774 2775 2776 3416 3162 3163 3164 3165 4443 5596 89 3816 6635 7915 3824 241 3825 3827 3828 3839 3831 2041 126 127
8125 3840 3457 3841 3079 3854 1940 1944 152 1945 1946 1691 8094 7583 1442 1963 5422 175 1200 5299 6964 8123 8124 8126 8127 1344 4032 8128 8129 8130 8131 8132 8133 8134 8135 8136 6655 8137 2774 2775 2776 3416 3162 3163 3164 3165 4443 5596 89 3816 6635 7915 3824 241 3825 3827 3828 3839 3831 2041 126 127
8126 3840 3457 3841 3079 3854 1940 1944 152 1945 1946 1691 8094 7583 1442 1963 5422 175 1200 5299 6964 8123 8124 8125 8127 1344 4032 8128 8129 8130 8131 8132 8133 8134 8135 8136 6655 8137 2774 2775 2776 3416 3162 3163 3164 3165 4443 5596 89 3816 6635 7915 3824 241 3825 3827 3828 3839 3831 2041 126 127
8127 3840 3457 3841 3079 3854 1940 1944 152 1945 1946 1691 8094 7583 1442 1963 5422 175 1200 5299 6964 8123 8124 8125 8126 1344 4032 8128 8129 8130 8131 8132 8133 8134 8135 8136 6655 8137 2774 2775 2776 3416 3162 3163 3164 3165 4443 5596 89 3816 6635 7915 3824 241 3825 3827 3828 3839 3831 2041 126 127
8128 3840 3457 3841 3079 3854 1940 1944 152 1945 1946 1691 8094 7583 1442 1963 5422 175 1200 5299 6964 8123 8124 8125 8126 8127 1344 4032 8129 8130 8131 8132 8133 8134 8135 8136 8137 6655 2774 2775 2776 3416 3162 3163 3164 3165 4443 5596 89 3816 6635 7915 3824 241 3825 3827 3828 3839 3831 2041 126 127
8129 3840 3457 3841 3079 3854 1940 1944 152 1945 1946 1691 8094 7583 1442 1963 5422 175 1200 5299 6964 8123 8124 8125 8126 8127 1344 4032 8128 8130 8131 8132 8133 8134 8135 8136 8137 6655 2774 2775 2776 3416 3162 3163 3164 3165 4443 5596 89 3816 6635 7915 3824 241 3825 3827 3828 3839 3831 2041 126 127
8130 3840 3457 3841 3079 3854 1940 1944 152 1945 1946 1691 8094 7583 1442 1963 5422 175 1200 5299 6964 8123 8124 8125 8126 8127 1344 4032 8128 8129 8131 8132 8133 8134 8135 8136 8137 6655 2774 2775 2776 3416 3162 3163 3164 3165 4443 5596 89 3816 6635 7915 3824 241 3825 3827 3828 3839 3831 2041 126 127
8131 3840 3457 3841 3079 3854 1940 1944 152 1945 1946 1691 8094 7583 1442 1963 5422 175 1200 5299 6964 8123 8124 8125 8126 8127 1344 4032 8128 8129 8130 8132 8133 8134 8135 8136 8137 6655 2774 2775 2776 3416 3162 3163 3164 3165 4443 5596 89 3816 6635 7915 3824 241 3825 3827 3828 3839 3831 2041 126 127
8132 3840 3457 3841 3079 3854 1940 1944 152 1945 1946 1691 8094 7583 1442 1963 5422 175 1200 5299 6964 8123 8124 8125 8126 8127 1344 4032 8128 8129 8130 8131 8133 8134 8135 8136 8137 6655 2774 2775 2776 3416 3162 3163 3164 3165 4443 5596 89 3816 6635 7915 3824 241 3825 3827 3828 3839 3831 2041 126 127
8133 3840 3457 3841 3079 3854 1940 1944 152 1945 1946 1691 8094 7583 1442 1963 5422 175 1200 5299 6964 8123 8124 8125 8126 8127 1344 4032 8128 8129 8130 8131 8132 8134 8135 8136 8137 6655 2774 2775 2776 3416 3162 3163 3164 3165 4443 5596 89 3816 6635 7915 3824 241 3825 3827 3828 3839 3831 2041 126 127
8134 3840 3457 3841 3079 3854 1940 1944 152 1945 1946 1691 8094 7583 1442 1963 5422 175 1200 5299 6964 8123 8124 8125 8126 8127 1344 4032 8128 8129 8130 8131 8132 8133 8135 8136 8137 6655 2774 2775 2776 3416 3162 3163 3164 3165 4443 5596 89 3816 6635 7915 3824 241 3825 3827 3828 3839 3831 2041 126 127
8135 3840 3457 3841 3079 3854 1940 1944 152 1945 1946 1691 8094 7583 1442 1963 5422 175 1200 5299 6964 8123 8124 8125 8126 8127 1344 4032 8128 8129 8130 8131 8132 8133 8134 8136 8137 6655 2774 2775 2776 3416 3162 3163 3164 3165 4443 5596 89 3816 6635 7915 3824 241 3825 3827 3828 3839 3831 2041 126 127
8136 3840 3457 3841 3079 3854 1940 1944 152 1945 1946 1691 8094 7583 1442 1963 5422 175 1200 5299 6964 8123 8124 8125 8126 8127 1344 4032 8128 8129 8130 8131 8132 8133 8134 8135 8137 6655 2774 2775 2776 3416 3162 3163 3164 3165 4443 5596 89 3816 6635 7915 3824 241 3825 3827 3828 3839 3831 2041 126 127
8137 3840 3457 3841 3079 3854 1940 1944 152 1945 1946 1691 8094 7583 1442 1963 5422 175 1200 5299 6964 8123 8124 8125 8126 8127 1344 4032 8128 8129 8130 8131 8132 8133 8134 8135 8136 6655 2774 2775 2776 3416 3162 3163 3164 3165 4443 5596 89 3816 6635 7915 3824 241 3825 3827 3828 3839 3831 2041 126 127
9516 6784 6781
10906 8056 8055 21943
21943 8056 10906 8055
