5 2816 131 249 88 105 3502 3503 2260 3510 3511 248 2233 3514 3515 3516 93 94
7 8 1691 133
8 1691 133 7
88 2816 131 5 249 105 3502 3503 2260 3510 3511 248 2233 3514 3515 3516 93 94
93 248 2816 131 5 249 105 3502 3503 2260 3510 3511 88 2233 3514 3515 3516 94
94 248 2816 131 5 249 105 3502 3503 2260 3510 3511 88 2233 3514 3515 3516 93
105 2816 131 249 5 88 3502 3503 2260 3510 3511 248 2233 3514 3515 3516 93 94
131 2816 249 5 88 105 3502 3503 2260 3510 3511 248 2233 3514 3515 3516 93 94
133 8 1691 7
248 2816 131 249 5 105 3502 3503 2260 3510 3511 88 2233 3514 3515 3516 93 94
249 2816 131 5 88 105 3502 3503 2260 3510 3511 248 2233 3514 3515 3516 93 94
992 10120 5559
995 4353 4489 4493 4494 6421 6422 6423 6424 6425 5167 5168 5170 5174 5175 5176 5177 5205 996 4463 4467 4341 4345 4347 4348
996 4353 4489 4493 4494 6421 6422 6423 6424 6425 5167 5168 5170 5174 5175 5176 5177 5205 995 4463 4467 4341 4345 4347 4348
1299 6083 9414 7341 8175 2770 2775
1691 8 133 7
2233 2816 131 5 88 105 3502 3503 2260 3510 3511 248 249 3514 3515 3516 93 94
2260 2816 131 249 5 88 105 3502 3503 3510 3511 248 2233 3514 3515 3516 93 94
2770 6083 9414 7341 8175 1299 2775
2775 6083 9414 7341 8175 2770 1299
2816 131 249 5 88 105 3502 3503 2260 3510 3511 248 2233 3514 3515 3516 93 94
3502 2816 131 249 5 88 105 3503 2260 3510 3511 248 2233 3514 3515 3516 93 94
3503 2816 131 249 5 88 105 3502 2260 3510 3511 248 2233 3514 3515 3516 93 94
3510 2816 131 249 5 88 105 3502 3503 2260 3511 248 2233 3514 3515 3516 93 94
3511 2816 131 249 5 88 105 3502 3503 2260 3510 248 2233 3514 3515 3516 93 94
3514 2816 131 249 5 88 105 3502 3503 2260 3510 3511 248 2233 3515 3516 93 94
3515 2816 131 249 5 105 3502 3503 2260 3510 3511 248 2233 3514 88 3516 93 94
3516 2816 131 249 5 88 105 3502 3503 2260 3510 3511 248 2233 3514 3515 93 94
4341 4353 4489 4493 4494 6421 6422 6423 6424 6425 5167 5168 5170 5174 5175 5176 5177 5205 995 996 4463 4467 4345 4347 4348
4345 4353 4489 4493 4494 6421 6422 6423 6424 6425 5167 5168 5170 5174 5175 5176 5177 5205 995 996 4463 4467 4341 4347 4348
4347 4353 4489 4493 4494 6421 6422 6423 6424 6425 5167 5168 5170 5174 5175 5176 5177 5205 995 996 4463 4467 4341 4345 4348
4348 4353 4489 4493 4494 6421 6422 6423 6424 6425 5167 5168 5170 5174 5175 5176 5177 5205 995 996 4463 4467 4341 4345 4347
4353 4489 4493 4494 6421 6422 6423 6424 6425 5167 5168 5170 5174 5175 5176 5177 5205 995 996 4463 4467 4341 4345 4347 4348
4463 4353 4489 4493 4494 6421 6422 6423 6424 6425 5167 5168 5170 5174 5175 5176 5177 5205 995 996 4467 4341 4345 4347 4348
4467 4353 4489 4493 4494 6421 6422 6423 6424 6425 5167 5168 5170 5174 5175 5176 5177 5205 995 996 4463 4341 4345 4347 4348
4489 4353 4493 4494 6421 6422 6423 6424 6425 5167 5168 5170 5174 5175 5176 5177 5205 995 996 4463 4467 4341 4345 4347 4348
4493 4353 4489 4494 6421 6422 6423 6424 6425 5167 5168 5170 5174 5175 5176 5177 5205 995 996 4463 4467 4341 4345 4347 4348
4494 4353 4489 4493 6421 6422 6423 6424 6425 5167 5168 5170 5174 5175 5176 5177 5205 995 996 4463 4467 4341 4345 4347 4348
4659 9489 10940 9478
5013 6083 6084 5016 5017 5018
5016 6083 6084 5013 5017 5018
5017 6083 6084 5013 5016 5018
5018 6083 6084 5013 5016 5017
5167 4353 4489 4493 4494 6421 6422 6423 6424 6425 5168 5170 5174 5175 5176 5177 5205 995 996 4463 4467 4341 4345 4347 4348
5168 4353 4489 4493 4494 6421 6422 6423 6424 6425 5167 5170 5174 5175 5176 5177 5205 995 996 4463 4467 4341 4345 4347 4348
5170 4353 4489 4493 4494 6421 6422 6423 6424 6425 5167 5168 5174 5175 5176 5177 5205 995 996 4463 4467 4341 4345 4347 4348
5174 4353 4489 4493 4494 6421 6422 6423 6424 6425 5167 5168 5170 5175 5176 5177 5205 995 996 4463 4467 4341 4345 4347 4348
5175 4353 4489 4493 4494 6421 6422 6423 6424 6425 5167 5168 5170 5174 5176 5177 5205 995 996 4463 4467 4341 4345 4347 4348
5176 4353 4489 4493 4494 6421 6422 6423 6424 6425 5167 5168 5170 5174 5175 5177 5205 995 996 4463 4467 4341 4345 4347 4348
5177 4353 4489 4493 4494 6421 6422 6423 6424 6425 5167 5168 5170 5174 5175 5176 5205 995 996 4463 4467 4341 4345 4347 4348
5205 4353 4489 4493 4494 6421 6422 6423 6424 6425 5167 5168 5170 5174 5175 5176 5177 995 996 4463 4467 4341 4345 4347 4348
5559 10120 992
6083 6084 9414 7341 8175 2770 1299 5013 2775 5016 5017 5018
6084 6083 5013 5016 5017 5018
6421 4353 4489 4493 4494 6422 6423 6424 6425 5167 5168 5170 5174 5175 5176 5177 5205 995 996 4463 4467 4341 4345 4347 4348
6422 4353 4489 4493 4494 6421 6423 6424 6425 5167 5168 5170 5174 5175 5176 5177 5205 995 996 4463 4467 4341 4345 4347 4348
6423 4353 4489 4493 4494 6421 6422 6424 6425 5167 5168 5170 5174 5175 5176 5177 5205 995 996 4463 4467 4341 4345 4347 4348
6424 4353 4489 4493 4494 6421 6422 6423 6425 5167 5168 5170 5174 5175 5176 5177 5205 995 996 4463 4467 4341 4345 4347 4348
6425 4353 4489 4493 4494 6421 6422 6423 6424 5167 5168 5170 5174 5175 5176 5177 5205 995 996 4463 4467 4341 4345 4347 4348
7341 6083 9414 8175 2770 1299 2775
8175 6083 9414 7341 2770 1299 2775
9414 6083 7341 8175 2770 1299 2775
9478 9489 4659 10940
9489 4659 10940 9478
10120 992 5559
10940 9489 4659 9478
