5 1696 96 130 1670 4839 7881 7882 112 113 1689 1684 1685 1686 119 1688 121 1690
96 1696 130 5 1670 4839 7881 7882 112 113 1689 1684 1685 1686 119 1688 121 1690
112 1696 96 130 5 1670 4839 7881 7882 113 1689 1684 1685 1686 119 1688 121 1690
113 1696 96 130 5 1670 4839 7881 7882 112 1689 1684 1685 1686 119 1688 121 1690
119 1696 96 130 5 1670 4839 7881 7882 112 113 1689 1684 1685 1686 1688 121 1690
121 1696 96 130 5 1670 4839 7881 7882 112 113 1684 1685 1686 119 1688 1689 1690
130 1696 96 5 1670 4839 7881 7882 112 113 1689 1684 1685 1686 119 1688 121 1690
1442 12455 7339 6668 3824 3825 1944 1946 5596
1670 1696 96 130 5 4839 7881 7882 112 113 1689 1684 1685 1686 119 1688 121 1690
1684 1696 96 130 5 1670 4839 7881 7882 112 113 1689 1685 1686 119 1688 121 1690
1685 1696 96 130 5 1670 4839 7881 7882 112 113 1689 1684 1686 119 1688 121 1690
1686 1696 96 130 5 1670 4839 7881 7882 112 113 1689 1684 1685 119 1688 121 1690
1688 1696 96 130 5 1670 4839 7881 7882 112 113 1689 1684 1685 1686 119 121 1690
1689 1696 96 130 5 1670 4839 7881 7882 112 113 1684 1685 1686 119 1688 121 1690
1690 1696 96 130 5 1670 4839 7881 7882 112 113 1689 1684 1685 1686 119 1688 121
1696 96 130 5 1670 4839 7881 7882 112 113 1689 1684 1685 1686 119 1688 121 1690
1944 1442 12455 7339 6668 3824 3825 1946 5596
1946 1442 12455 7339 6668 3824 3825 1944 5596
2469 16355 5700 2889 10165 21912
2889 16355 5700 2469 10165 21912
3641 12968
3824 1442 12455 7339 6668 3825 1944 1946 5596
3825 1442 12455 7339 6668 3824 1944 1946 5596
4839 1696 96 130 5 1670 7881 7882 112 113 1689 1684 1685 1686 119 1688 121 1690
5424 12768 13317 13318 13319 8505 11663 11665 8504 12025 8506 10429
5596 1442 12455 7339 6668 3824 3825 1944 1946
5700 16355 2469 2889 10165 21912
6668 1442 12455 7339 3824 3825 1944 1946 5596
7339 1442 12455 6668 3824 3825 1944 1946 5596
7559 7560
7560 7559
7723 21815
7881 1696 96 130 5 1670 4839 7882 112 113 1689 1684 1685 1686 119 1688 121 1690
7882 1696 96 130 5 1670 4839 7881 112 113 1689 1684 1685 1686 119 1688 121 1690
8504 12768 13317 13318 13319 8505 11663 5424 11665 12025 8506 10429
8505 12768 13317 13318 13319 11663 5424 11665 8504 12025 8506 10429
8506 12768 13317 13318 13319 11663 5424 11665 12025 8504 8505 10429
10165 16355 5700 2469 2889 21912
10429 12768 13317 13318 13319 8505 11663 5424 11665 8504 12025 8506
11663 12768 13317 13318 13319 8505 5424 11665 8504 12025 8506 10429
11665 12768 13317 13318 13319 8505 11663 5424 8504 12025 8506 10429
12025 12768 13317 13318 13319 11663 5424 11665 8504 8505 8506 10429
12455 1442 7339 6668 3824 3825 1944 1946 5596
12768 13317 13318 13319 8505 11663 5424 11665 8504 12025 8506 10429
12968 3641
13195 13916 13917
13317 12768 13318 13319 8505 11663 5424 11665 8504 12025 8506 10429
13318 12768 13317 13319 8505 11663 5424 11665 8504 12025 8506 10429
13319 12768 13317 13318 8505 11663 5424 11665 8504 12025 8506 10429
13916 13195 13917
13917 13195 13916
16355 5700 2469 2889 10165 21912
21815 7723
21912 16355 5700 2469 2889 10165
