7 7522 2447 176 2609 175 7568 6965 85 7578 1691
85 7522 7 175 176 2447 2609 7568 6965 7578 1691
175 7522 7 2447 176 2609 7568 6965 85 7578 1691
176 7522 7 2447 175 2609 7568 6965 85 7578 1691
1691 7522 7 2447 7568 2609 175 176 6965 85 7578
1749 11787 11790
2113 2872 8338 2613 8368
2447 7522 7 175 176 2609 7568 6965 85 7578 1691
2609 7522 7 2447 176 175 7568 6965 85 7578 1691
2613 2872 2113 8338 8368
2872 8368 2113 8338 2613
3823 11272 5601 5604
4345 5158 5159 5203 6003 5209 5147
5147 4345 5158 5159 5203 6003 5209
5158 4345 5159 5203 6003 5209 5147
5159 4345 5158 5203 6003 5209 5147
5203 4345 5158 5159 6003 5209 5147
5209 5158 5159 5203 6003 4345 5147
5601 11272 5604 3823
5604 11272 5601 3823
6003 5209 5158 5159 5203 4345 5147
6965 7522 7 2447 176 2609 175 7568 85 7578 1691
7522 7 2447 176 2609 175 7568 6965 85 7578 1691
7568 7522 7 2447 176 2609 175 6965 85 7578 1691
7578 7522 7 2447 176 2609 175 7568 6965 85 1691
8338 2872 2113 2613 8368
8368 2872 2113 8338 2613
11272 5601 5604 3823
11787 1749 11790
11790 11787 1749
