115 5867 2995 5579 5111
2995 5867 115 5579 5111
4714 4872 4718 4720 4721 10450 10451 9783 9784 9785
4718 4872 4714 4720 4721 10450 10451 9783 9784 9785
4720 4872 4714 4718 10450 10451 9784 9785
4721 4714 4718 9783 9784 9785
4872 4714 4718 4720 10450 10451 9784 9785
5111 115 2995 5579 5867
5579 5867 115 2995 5111
5867 115 2995 5579 5111
8193 11201 14699 16651 14702 12816 10867 12824 19550
9569 13317
9783 4714 4718 4721 9784 9785
9784 4872 4714 4718 4720 4721 10450 10451 9783 9785
9785 4872 4714 4718 4720 4721 10450 10451 9783 9784
10450 4872 4714 4718 4720 10451 9784 9785
10451 4872 4714 4718 4720 10450 9784 9785
10867 11201 8193 14699 16651 14702 12816 12824 19550
11201 8193 14699 16651 14702 12816 10867 12824 19550
12816 11201 8193 14699 16651 14702 10867 12824 19550
12824 11201 8193 14699 16651 14702 12816 10867 19550
13317 9569
14699 11201 8193 16651 14702 12816 10867 12824 19550
14702 11201 8193 14699 16651 12816 10867 12824 19550
16651 11201 8193 14699 14702 12816 10867 12824 19550
19550 11201 8193 14699 16651 14702 12816 10867 12824
