105 1699 3530 248 2361 2938
124 136 186 140 142 4527 1712 145 4536 1082
136 140 142 145 186 124
140 136 142 145 186 124
142 136 140 145 186 124
145 136 140 142 186 124
186 136 140 142 145 124
248 1699 105 3530 2361 2938
1082 1712 124 4536 4527
1699 105 3530 248 2361 2938
1712 4536 1082 124 4527
2243 3993 4537 4110 7803
2361 1699 105 3530 248 2938
2938 1699 105 3530 248 2361
3530 1699 105 248 2361 2938
3993 4537 2243 4110 7803
4110 3993 2243 4537 7803
4527 1712 1082 124 4536
4536 1712 1082 124 4527
4537 3993 2243 4110 7803
4871 15506 11279
5702 10120 11207
5935 5936 5938
5936 5938 5935
5938 5936 5935
7341 10858 10868
7803 3993 2243 4537 4110
10120 5702 11207
10858 10868 7341
10868 10858 7341
11207 10120 5702
11279 15506 4871
15506 4871 11279
21896 21908 21909 21910 21911
21908 21896 21909 21910 21911
21909 21896 21908 21910 21911
21910 21896 21908 21909 21911
21911 21896 21908 21909 21910
