1442 7331 7363 9242 8847 7057 8466 8467 1944 1946
1944 1442 7331 7363 9242 8847 7057 8466 8467 1946
1946 1442 7331 7363 8847 7057 8466 8467 1944 9242
7057 1442 7331 7363 9242 8847 8466 8467 1944 1946
7331 1442 7363 9242 8847 7057 8466 8467 1944 1946
7363 1442 7331 9242 8847 7057 8466 8467 1944 1946
8466 1442 7331 7363 9242 8847 7057 8467 1944 1946
8467 1442 7331 7363 9242 8847 7057 8466 1944 1946
8847 1442 7331 7363 9242 7057 8466 8467 1944 1946
9242 1442 7331 7363 8847 7057 8466 8467 1944 1946
