87 5697 7362 4649 5675 4812 7341 9358 10672 5681
1088 3564 15149 3628
1685 2098 4838
2056 7952 2178
2091 5833 2103 2095
2095 5833 2091 2103
2098 1685 4838
2103 5833 2091 2095
2178 2056 7952
2467 10120 11209 8186
3564 1088 3628 15149
3628 1088 3564 15149
4649 5697 7362 5675 4812 7341 9358 10672 5681 87
4812 5697 7362 4649 5675 7341 9358 10672 5681 87
4838 2098 1685
5675 5697 7362 4649 4812 7341 9358 10672 5681 87
5681 5697 7362 4649 5675 4812 7341 9358 10672 87
5697 7362 4649 5675 4812 7341 9358 10672 5681 87
5833 2091 2103 2095
7341 5697 7362 4649 5675 4812 9358 10672 5681 87
7362 5697 4649 5675 4812 7341 9358 10672 5681 87
7952 2056 2178
8186 10120 11209 2467
8255 12033
9358 5697 7362 4649 5675 4812 7341 10672 5681 87
9785 21737 13171 14853
10120 11209 8186 2467
10672 5697 7362 4649 5675 4812 7341 9358 5681 87
11209 10120 8186 2467
12033 8255
13171 21737 14853 9785
14853 21737 13171 9785
15149 1088 3564 3628
21737 9785 13171 14853
