2 189
109 137 170 1955
137 170 1955 109
170 137 1955 109
189 2
1299 6083 6085 19210 2770 1300 5013 5016 5017 5019
1300 6083 6085 19210 2770 1299 5013 5016 5017 5019
1955 137 170 109
2770 6083 6085 19210 1299 1300 5013 5016 5017 5019
5013 6083 6085 19210 2770 1299 1300 5016 5017 5019
5016 6083 6085 19210 2770 1299 1300 5013 5017 5019
5017 6083 6085 19210 2770 1299 1300 5013 5016 5019
5019 6083 6085 19210 2770 1299 1300 5013 5016 5017
6083 6085 19210 2770 1299 1300 5013 5016 5017 5019
6085 6083 19210 2770 1299 1300 5013 5016 5017 5019
8720 21946 12212
12212 8720 21946
19210 6083 6085 2770 1299 1300 5013 5016 5017 5019
21946 8720 12212
