113 1687 1683 1684 1685 1686 119 1688 1689 1690 123
119 113 1683 1684 1685 1686 1687 1688 1689 1690 123
123 1687 113 1683 1684 1685 1686 119 1688 1689 1690
991 10626 8195 2056 9483 8589 8590 8591 14499 14631 14632 14633 13739 14256 9520 9524 9525 5558 5565 5569 7240 14289 7776 8560
1176 2243 21835 4110 3989 3993 3994 6301
1683 1687 113 1684 1685 1686 119 1688 1689 1690 123
1684 1687 113 1683 1685 1686 119 1688 1689 1690 123
1685 1687 113 1683 1684 1686 119 1688 1689 1690 123
1686 1687 113 1683 1684 1685 119 1688 1689 1690 123
1687 113 1683 1684 1685 1686 119 1688 1689 1690 123
1688 1687 113 1683 1684 1685 1686 119 1689 1690 123
1689 1687 113 1683 1684 1685 1686 119 1688 1690 123
1690 1687 113 1683 1684 1685 1686 119 1688 1689 123
2056 10626 8195 9483 8589 8590 8591 14499 14631 14632 14633 13739 14256 9520 9524 9525 5558 5565 5569 7240 14289 991 7776 8560
2243 4297 21835 4110 4112 3989 1176 3993 3994 6301
3989 2243 4297 21835 4110 4112 1176 3993 3994 6301
3993 2243 4297 21835 4110 4112 3989 1176 3994 6301
3994 2243 4297 21835 4110 4112 3989 1176 3993 6301
4110 2243 4297 21835 4112 3989 1176 3993 3994 6301
4112 2243 4297 4110 3989 3993 3994
4297 2243 4110 4112 3989 3993 3994
5013 8737 6083 6084 9414 9415 8175 5016 5017 5018 5019
5016 8737 6083 6084 9414 9415 8175 5013 5017 5018 5019
5017 8737 6083 6084 9414 9415 8175 5013 5016 5018 5019
5018 8737 6083 6084 9414 9415 8175 5013 5016 5017 5019
5019 8737 6083 6084 9414 9415 8175 5013 5016 5017 5018
5558 10626 8195 2056 9483 8589 8590 8591 14499 14631 14632 14633 13739 14256 9520 9524 9525 5565 5569 7240 14289 991 7776 8560
5565 10626 8195 2056 9483 8589 8590 8591 14499 14631 14632 14633 13739 14256 9520 9524 9525 5558 5569 7240 14289 991 7776 8560
5569 10626 8195 2056 9483 8589 8590 8591 14499 14631 14632 14633 13739 14256 9520 9524 9525 5558 5565 7240 14289 991 7776 8560
5578 21833 21834 21774 21775 7284 8507 7932 6334 6335
6083 8737 6084 9414 9415 8175 5013 5016 5017 5018 5019
6084 8737 6083 9414 9415 8175 5013 5016 5017 5018 5019
6301 2243 21835 4110 3989 1176 3993 3994
6334 21833 5578 21834 21774 21775 7284 8507 7932 6335
6335 21833 5578 21834 21774 21775 7284 8507 7932 6334
7240 10626 8195 2056 9483 8589 8590 8591 14499 14631 14632 14633 13739 14256 9520 9524 9525 5558 5565 5569 14289 991 7776 8560
7284 21833 5578 21834 21774 21775 8507 7932 6334 6335
7776 10626 8195 2056 9483 8589 8590 8591 14499 14631 14632 14633 13739 14256 9520 9524 9525 5558 5565 5569 7240 14289 991 8560
7932 21833 5578 21834 21774 21775 7284 8507 6334 6335
8175 8737 6083 6084 9414 9415 5013 5016 5017 5018 5019
8195 10626 2056 9483 8589 8590 8591 14499 14631 14632 14633 13739 14256 9520 9524 9525 5558 5565 5569 7240 14289 991 7776 8560
8507 21833 5578 21834 21774 21775 7284 7932 6334 6335
8560 10626 8195 2056 9483 8589 8590 8591 14499 14631 14632 14633 13739 14256 9520 9524 9525 5558 5565 5569 7240 14289 991 7776
8589 10626 8195 2056 9483 8590 8591 14499 14631 14632 14633 13739 14256 9520 9524 9525 5558 5565 5569 7240 14289 991 7776 8560
8590 10626 8195 2056 9483 8589 8591 14499 14631 14632 14633 13739 14256 9520 9524 9525 5558 5565 5569 7240 14289 991 7776 8560
8591 10626 8195 2056 9483 8589 8590 14499 14631 14632 14633 13739 14256 9520 9524 9525 5558 5565 5569 7240 14289 991 7776 8560
8737 6083 6084 9414 9415 8175 5013 5016 5017 5018 5019
9414 8737 6083 6084 9415 8175 5013 5016 5017 5018 5019
9415 8737 6083 6084 9414 8175 5013 5016 5017 5018 5019
9483 10626 8195 2056 8589 8590 8591 14499 14631 14632 14633 13739 14256 9520 9524 9525 5558 5565 5569 7240 14289 991 7776 8560
9520 10626 8195 2056 9483 8589 8590 8591 14499 14631 14632 14633 13739 14256 9524 9525 5558 5565 5569 7240 14289 991 7776 8560
9524 10626 8195 2056 9483 8589 8590 8591 14499 14631 14632 14633 13739 9520 14256 9525 5558 5565 5569 7240 14289 991 7776 8560
9525 10626 8195 2056 9483 8589 8590 8591 14499 14631 14632 14633 13739 9520 14256 9524 5558 5565 5569 7240 14289 991 7776 8560
10626 8195 2056 9483 8589 8590 8591 14499 14631 14632 14633 13739 14256 9520 9524 9525 5558 5565 5569 7240 14289 991 7776 8560
13739 10626 8195 2056 9483 8589 8590 8591 14499 14631 14632 14633 14256 9520 9524 9525 5558 5565 5569 7240 14289 991 7776 8560
14256 10626 8195 2056 9483 8589 8590 8591 14499 14631 14632 14633 13739 9520 9524 9525 5558 5565 5569 7240 14289 991 7776 8560
14289 10626 8195 2056 9483 8589 8590 8591 14499 14631 14632 14633 13739 14256 9520 9524 9525 5558 5565 5569 7240 991 7776 8560
14499 10626 8195 2056 9483 8589 8590 8591 14631 14632 14633 13739 14256 9520 9524 9525 5558 5565 5569 7240 14289 991 7776 8560
14631 10626 8195 2056 9483 8589 8590 8591 14499 14632 14633 13739 14256 9520 9524 9525 5558 5565 5569 7240 14289 991 7776 8560
14632 10626 8195 2056 9483 8589 8590 8591 14499 14631 14633 13739 14256 9520 9524 9525 5558 5565 5569 7240 14289 991 7776 8560
14633 10626 8195 2056 9483 8589 8590 8591 14499 14631 14632 13739 14256 9520 9524 9525 5558 5565 5569 7240 14289 991 7776 8560
21774 21833 21834 5578 21775 7284 8507 7932 6334 6335
21775 21833 21834 5578 21774 7284 8507 7932 6334 6335
21833 5578 21834 21774 21775 7284 8507 7932 6334 6335
21834 21833 5578 21774 21775 7284 8507 7932 6334 6335
21835 2243 4110 3989 1176 3993 3994 6301
